itr, map, best
1000,42.08,42.08
1100,65.59,65.59
1200,83.13,83.13
1300,76.45,83.13
1400,74.63,81.13
1500,79.10,81.13
1600,88.43,88.43
1700,76.92,88.43
1800,78.24,88.43
1900,78.62,88.43,
2000,73.11,88.43
2100,81.42,88.43
2200,83.91,88.43
2300,79.43,88.43
2400,89.67,89.67
2500,85.48,89.67
2600,86.10,89.67
2700,79.54,89.67
2800,91.43,91.43
2900,87.68,91.43
3000, 75.91, 91.34
3100, 78.22, 91.34
3200, 81.29, 91.34
3300, 83.64, 91.34
3400, 86.64, 91.34
3500, 78.05, 91.34
3600, 84.45, 91.34
3700, 82.10, 91.34
3800, 81.03, 91.34
3900, 83.61, 91.34
